{
    "names": [
        "win-vs2019-cpu-py3",
        "linux-vulkan-bionic-py3.7-clang9",
        "linux-xenial-py3.7-clang7-asan",
        "pytorch-linux-xenial-py3-clang5-android-ndk-r19c-gradle-custom-build-single",
        "linux-xenial-cuda11.3-py3.7-gcc7",
        "linux-bionic-cuda11.3-py3.7-clang9",
        "linux-xenial-py3.7-gcc5.4",
        "linux-xenial-py3.7-gcc5.4-mobile-lightweight-dispatch-build",
        "win-vs2019-cuda11.3-py3",
        "linux-xenial-py3.7-gcc7",
        "pytorch-linux-xenial-py3-clang5-android-ndk-r19c-gradle-custom-build-single-full-jit",
        "linux-bionic-py3.7-clang9",
        "linux-xenial-cuda11.3-py3.7-gcc7-bazel-test",
        "pytorch-xla-linux-bionic-py3.7-clang8",
        "linux-xenial-py3.7-clang7-onnx",
        "linux-xenial-py3-clang5-mobile-custom-build-static",
        "linux-bionic-rocm5.1-py3.7",
        "linux-xenial-py3-clang5-mobile-build",
        "linux-xenial-py3.7-gcc7-no-ops",
        "deploy-linux-xenial-cuda11.3-py3.7-gcc7",
        "linux-docs",
        "linux-bionic-rocm5.0-py3.7",
        "macos-11-py3-x86-64"
    ],
    "data": [
        [
            0,
            0,
            1.0
        ],
        [
            0,
            1,
            0.509147428617987
        ],
        [
            0,
            2,
            0.8064705198332354
        ],
        [
            0,
            3,
            0.5305370968375731
        ],
        [
            0,
            4,
            0.715487927355058
        ],
        [
            0,
            5,
            0.5356196073536194
        ],
        [
            0,
            6,
            0.7282392717103896
        ],
        [
            0,
            7,
            0.4245946981564303
        ],
        [
            0,
            8,
            0.8389680548557215
        ],
        [
            0,
            9,
            0.8318615241943832
        ],
        [
            0,
            10,
            0.5561613673931
        ],
        [
            0,
            11,
            0.8635324439780153
        ],
        [
            0,
            12,
            0.682661777940566
        ],
        [
            0,
            13,
            0.4759338107215557
        ],
        [
            0,
            14,
            0.682820270263317
        ],
        [
            0,
            15,
            0.41560484675877146
        ],
        [
            0,
            16,
            0.6151941406775486
        ],
        [
            0,
            17,
            0.4005205647579587
        ],
        [
            0,
            18,
            0.444101305281219
        ],
        [
            0,
            19,
            0.5631041518891594
        ],
        [
            0,
            20,
            0.44422340105852065
        ],
        [
            0,
            21,
            0.6869565134706106
        ],
        [
            1,
            0,
            0.509147428617987
        ],
        [
            1,
            1,
            1.0
        ],
        [
            1,
            2,
            0.5360684620064224
        ],
        [
            1,
            3,
            0.837412864347739
        ],
        [
            1,
            4,
            0.49153977136939114
        ],
        [
            1,
            5,
            0.8952156303256157
        ],
        [
            1,
            6,
            0.4560414753447626
        ],
        [
            1,
            7,
            0.7422542898126483
        ],
        [
            1,
            8,
            0.4520750597585534
        ],
        [
            1,
            9,
            0.5473403219871017
        ],
        [
            1,
            10,
            0.8084961987283279
        ],
        [
            1,
            11,
            0.5321226576636686
        ],
        [
            1,
            12,
            0.7214598712663046
        ],
        [
            1,
            13,
            0.4912884442820973
        ],
        [
            1,
            14,
            0.7249875689540753
        ],
        [
            1,
            15,
            0.7440753184648071
        ],
        [
            1,
            16,
            0.4568886557107705
        ],
        [
            1,
            17,
            0.711473449847894
        ],
        [
            1,
            18,
            0.8018074038776709
        ],
        [
            1,
            19,
            0.8635712783729504
        ],
        [
            1,
            20,
            -0.019952147755260094
        ],
        [
            1,
            21,
            0.3351074609527255
        ],
        [
            2,
            0,
            0.8064705198332354
        ],
        [
            2,
            1,
            0.5360684620064224
        ],
        [
            2,
            2,
            1.0
        ],
        [
            2,
            3,
            0.5396750649605977
        ],
        [
            2,
            4,
            0.8545885835617637
        ],
        [
            2,
            5,
            0.5354585418261846
        ],
        [
            2,
            6,
            0.7292211569388142
        ],
        [
            2,
            7,
            0.44034271999473873
        ],
        [
            2,
            8,
            0.7435501289092137
        ],
        [
            2,
            9,
            0.8369132427774214
        ],
        [
            2,
            10,
            0.5657498146360586
        ],
        [
            2,
            11,
            0.8641650760767976
        ],
        [
            2,
            12,
            0.7074960228886749
        ],
        [
            2,
            13,
            0.5277514386597307
        ],
        [
            2,
            14,
            0.7077139003309239
        ],
        [
            2,
            15,
            0.42713020996990747
        ],
        [
            2,
            16,
            0.7071320871142589
        ],
        [
            2,
            17,
            0.41611317693495553
        ],
        [
            2,
            18,
            0.4487588055597177
        ],
        [
            2,
            19,
            0.5598035736092075
        ],
        [
            2,
            20,
            0.4675442128930911
        ],
        [
            2,
            21,
            0.7408772597055229
        ],
        [
            3,
            0,
            0.5305370968375731
        ],
        [
            3,
            1,
            0.837412864347739
        ],
        [
            3,
            2,
            0.5396750649605977
        ],
        [
            3,
            3,
            1.0
        ],
        [
            3,
            4,
            0.47527377520683584
        ],
        [
            3,
            5,
            0.8504046164871855
        ],
        [
            3,
            6,
            0.4471790910339362
        ],
        [
            3,
            7,
            0.7794183959519139
        ],
        [
            3,
            8,
            0.4541667041009342
        ],
        [
            3,
            9,
            0.5397134530286792
        ],
        [
            3,
            10,
            0.950477994174158
        ],
        [
            3,
            11,
            0.509564213955887
        ],
        [
            3,
            12,
            0.7039521476456924
        ],
        [
            3,
            13,
            0.47979452256448685
        ],
        [
            3,
            14,
            0.6921411786553163
        ],
        [
            3,
            15,
            0.7806589570566452
        ],
        [
            3,
            16,
            0.43400333704995925
        ],
        [
            3,
            17,
            0.7520396264612155
        ],
        [
            3,
            18,
            0.7477474688401744
        ],
        [
            3,
            19,
            0.8866370856426693
        ],
        [
            3,
            20,
            0.0706417240737809
        ],
        [
            3,
            21,
            0.3062632063293962
        ],
        [
            4,
            0,
            0.715487927355058
        ],
        [
            4,
            1,
            0.49153977136939114
        ],
        [
            4,
            2,
            0.8545885835617637
        ],
        [
            4,
            3,
            0.47527377520683584
        ],
        [
            4,
            4,
            1.0
        ],
        [
            4,
            5,
            0.5019643725792378
        ],
        [
            4,
            6,
            0.6646405035975085
        ],
        [
            4,
            7,
            0.3877076038435442
        ],
        [
            4,
            8,
            0.7696003092862462
        ],
        [
            4,
            9,
            0.7281565067810931
        ],
        [
            4,
            10,
            0.49884310229700735
        ],
        [
            4,
            11,
            0.7581104366770459
        ],
        [
            4,
            12,
            0.6327354524975688
        ],
        [
            4,
            13,
            0.47804585487839313
        ],
        [
            4,
            14,
            0.6335006570988851
        ],
        [
            4,
            15,
            0.3760732073225113
        ],
        [
            4,
            16,
            0.6777215338385614
        ],
        [
            4,
            17,
            0.3659750416484889
        ],
        [
            4,
            18,
            0.40121835952039464
        ],
        [
            4,
            19,
            0.5284424333477119
        ],
        [
            4,
            20,
            0.42760110842662463
        ],
        [
            4,
            21,
            0.7634770025021453
        ],
        [
            5,
            0,
            0.5356196073536194
        ],
        [
            5,
            1,
            0.8952156303256157
        ],
        [
            5,
            2,
            0.5354585418261846
        ],
        [
            5,
            3,
            0.8504046164871855
        ],
        [
            5,
            4,
            0.5019643725792378
        ],
        [
            5,
            5,
            1.0
        ],
        [
            5,
            6,
            0.461499665771219
        ],
        [
            5,
            7,
            0.727849050734816
        ],
        [
            5,
            8,
            0.4787313639277293
        ],
        [
            5,
            9,
            0.5471557051519382
        ],
        [
            5,
            10,
            0.8409140316993237
        ],
        [
            5,
            11,
            0.5300590984810984
        ],
        [
            5,
            12,
            0.7374093561419958
        ],
        [
            5,
            13,
            0.4833022854322697
        ],
        [
            5,
            14,
            0.7225556172786132
        ],
        [
            5,
            15,
            0.715276248949253
        ],
        [
            5,
            16,
            0.461665498904221
        ],
        [
            5,
            17,
            0.6887027954883629
        ],
        [
            5,
            18,
            0.7743390709173227
        ],
        [
            5,
            19,
            0.9196638086804653
        ],
        [
            5,
            20,
            0.06617660788597829
        ],
        [
            5,
            21,
            0.3601160915523801
        ],
        [
            6,
            0,
            0.7282392717103896
        ],
        [
            6,
            1,
            0.4560414753447626
        ],
        [
            6,
            2,
            0.7292211569388142
        ],
        [
            6,
            3,
            0.4471790910339362
        ],
        [
            6,
            4,
            0.6646405035975085
        ],
        [
            6,
            5,
            0.461499665771219
        ],
        [
            6,
            6,
            1.0
        ],
        [
            6,
            7,
            0.36781847838251663
        ],
        [
            6,
            8,
            0.6903619245526678
        ],
        [
            6,
            9,
            0.8136773377842054
        ],
        [
            6,
            10,
            0.4689323868856838
        ],
        [
            6,
            11,
            0.8034836328020166
        ],
        [
            6,
            12,
            0.6071335090667873
        ],
        [
            6,
            13,
            0.37994596572070444
        ],
        [
            6,
            14,
            0.5965635615482768
        ],
        [
            6,
            15,
            0.3526079168470548
        ],
        [
            6,
            16,
            0.6023698345458648
        ],
        [
            6,
            17,
            0.34262703905167297
        ],
        [
            6,
            18,
            0.37506571696732505
        ],
        [
            6,
            19,
            0.4811032578494678
        ],
        [
            6,
            20,
            0.34220431583777733
        ],
        [
            6,
            21,
            0.5765346712294868
        ],
        [
            7,
            0,
            0.4245946981564303
        ],
        [
            7,
            1,
            0.7422542898126483
        ],
        [
            7,
            2,
            0.44034271999473873
        ],
        [
            7,
            3,
            0.7794183959519139
        ],
        [
            7,
            4,
            0.3877076038435442
        ],
        [
            7,
            5,
            0.727849050734816
        ],
        [
            7,
            6,
            0.36781847838251663
        ],
        [
            7,
            7,
            1.0
        ],
        [
            7,
            8,
            0.36223105407343914
        ],
        [
            7,
            9,
            0.4491251047232981
        ],
        [
            7,
            10,
            0.7637558436613017
        ],
        [
            7,
            11,
            0.41868622135982764
        ],
        [
            7,
            12,
            0.5653150980436709
        ],
        [
            7,
            13,
            0.39654537788137406
        ],
        [
            7,
            14,
            0.5696179886656516
        ],
        [
            7,
            15,
            0.9273457396122405
        ],
        [
            7,
            16,
            0.36713744418391214
        ],
        [
            7,
            17,
            0.9178268082426224
        ],
        [
            7,
            18,
            0.8692404304506184
        ],
        [
            7,
            19,
            0.7190447542295255
        ],
        [
            7,
            20,
            -0.16302410979660822
        ],
        [
            7,
            21,
            0.23691836224235224
        ],
        [
            8,
            0,
            0.8389680548557215
        ],
        [
            8,
            1,
            0.4520750597585534
        ],
        [
            8,
            2,
            0.7435501289092137
        ],
        [
            8,
            3,
            0.4541667041009342
        ],
        [
            8,
            4,
            0.7696003092862462
        ],
        [
            8,
            5,
            0.4787313639277293
        ],
        [
            8,
            6,
            0.6903619245526678
        ],
        [
            8,
            7,
            0.36223105407343914
        ],
        [
            8,
            8,
            1.0
        ],
        [
            8,
            9,
            0.7296424574812771
        ],
        [
            8,
            10,
            0.4760217173780754
        ],
        [
            8,
            11,
            0.7566418938156229
        ],
        [
            8,
            12,
            0.6050375212063065
        ],
        [
            8,
            13,
            0.4344087868849257
        ],
        [
            8,
            14,
            0.5947760209207081
        ],
        [
            8,
            15,
            0.35510805329943146
        ],
        [
            8,
            16,
            0.6393834558551738
        ],
        [
            8,
            17,
            0.34096224098066497
        ],
        [
            8,
            18,
            0.3741375758230228
        ],
        [
            8,
            19,
            0.4949859650522932
        ],
        [
            8,
            20,
            0.3897410414444813
        ],
        [
            8,
            21,
            0.8132618706034781
        ],
        [
            9,
            0,
            0.8318615241943832
        ],
        [
            9,
            1,
            0.5473403219871017
        ],
        [
            9,
            2,
            0.8369132427774214
        ],
        [
            9,
            3,
            0.5397134530286792
        ],
        [
            9,
            4,
            0.7281565067810931
        ],
        [
            9,
            5,
            0.5471557051519382
        ],
        [
            9,
            6,
            0.8136773377842054
        ],
        [
            9,
            7,
            0.4491251047232981
        ],
        [
            9,
            8,
            0.7296424574812771
        ],
        [
            9,
            9,
            1.0
        ],
        [
            9,
            10,
            0.5666112859052114
        ],
        [
            9,
            11,
            0.9239252148689372
        ],
        [
            9,
            12,
            0.6774056062160485
        ],
        [
            9,
            13,
            0.4274621742061346
        ],
        [
            9,
            14,
            0.6658853971438349
        ],
        [
            9,
            15,
            0.43145093782852006
        ],
        [
            9,
            16,
            0.6073074600737902
        ],
        [
            9,
            17,
            0.4202423916538553
        ],
        [
            9,
            18,
            0.4660795951105286
        ],
        [
            9,
            19,
            0.5784072506907713
        ],
        [
            9,
            20,
            0.3402622963619964
        ],
        [
            9,
            21,
            0.6552404140288384
        ],
        [
            10,
            0,
            0.5561613673931
        ],
        [
            10,
            1,
            0.8084961987283279
        ],
        [
            10,
            2,
            0.5657498146360586
        ],
        [
            10,
            3,
            0.950477994174158
        ],
        [
            10,
            4,
            0.49884310229700735
        ],
        [
            10,
            5,
            0.8409140316993237
        ],
        [
            10,
            6,
            0.4689323868856838
        ],
        [
            10,
            7,
            0.7637558436613017
        ],
        [
            10,
            8,
            0.4760217173780754
        ],
        [
            10,
            9,
            0.5666112859052114
        ],
        [
            10,
            10,
            1.0
        ],
        [
            10,
            11,
            0.5344123888248806
        ],
        [
            10,
            12,
            0.7371634052796655
        ],
        [
            10,
            13,
            0.49143042434350753
        ],
        [
            10,
            14,
            0.7255725084516886
        ],
        [
            10,
            15,
            0.7451977225999992
        ],
        [
            10,
            16,
            0.4522348272040469
        ],
        [
            10,
            17,
            0.7175785880392408
        ],
        [
            10,
            18,
            0.7342778644820821
        ],
        [
            10,
            19,
            0.8798388944877114
        ],
        [
            10,
            20,
            0.13205101651803255
        ],
        [
            10,
            21,
            0.3409863696687496
        ],
        [
            11,
            0,
            0.8635324439780153
        ],
        [
            11,
            1,
            0.5321226576636686
        ],
        [
            11,
            2,
            0.8641650760767976
        ],
        [
            11,
            3,
            0.509564213955887
        ],
        [
            11,
            4,
            0.7581104366770459
        ],
        [
            11,
            5,
            0.5300590984810984
        ],
        [
            11,
            6,
            0.8034836328020166
        ],
        [
            11,
            7,
            0.41868622135982764
        ],
        [
            11,
            8,
            0.7566418938156229
        ],
        [
            11,
            9,
            0.9239252148689372
        ],
        [
            11,
            10,
            0.5344123888248806
        ],
        [
            11,
            11,
            1.0
        ],
        [
            11,
            12,
            0.6818315145227085
        ],
        [
            11,
            13,
            0.44064474752393346
        ],
        [
            11,
            14,
            0.6910326676152793
        ],
        [
            11,
            15,
            0.4061235158902298
        ],
        [
            11,
            16,
            0.6351784343837756
        ],
        [
            11,
            17,
            0.39544562301583913
        ],
        [
            11,
            18,
            0.43217257654455543
        ],
        [
            11,
            19,
            0.550481934153418
        ],
        [
            11,
            20,
            0.42083952894725124
        ],
        [
            11,
            21,
            0.721499818464454
        ],
        [
            12,
            0,
            0.682661777940566
        ],
        [
            12,
            1,
            0.7214598712663046
        ],
        [
            12,
            2,
            0.7074960228886749
        ],
        [
            12,
            3,
            0.7039521476456924
        ],
        [
            12,
            4,
            0.6327354524975688
        ],
        [
            12,
            5,
            0.7374093561419958
        ],
        [
            12,
            6,
            0.6071335090667873
        ],
        [
            12,
            7,
            0.5653150980436709
        ],
        [
            12,
            8,
            0.6050375212063065
        ],
        [
            12,
            9,
            0.6774056062160485
        ],
        [
            12,
            10,
            0.7371634052796655
        ],
        [
            12,
            11,
            0.6818315145227085
        ],
        [
            12,
            12,
            1.0
        ],
        [
            12,
            13,
            0.565671180093932
        ],
        [
            12,
            14,
            0.9278948077373513
        ],
        [
            12,
            15,
            0.5478685278227048
        ],
        [
            12,
            16,
            0.5761313380238364
        ],
        [
            12,
            17,
            0.529989556460721
        ],
        [
            12,
            18,
            0.5917887954288303
        ],
        [
            12,
            19,
            0.7613886269667367
        ],
        [
            12,
            20,
            0.4670414228418511
        ],
        [
            12,
            21,
            0.504067405602947
        ],
        [
            13,
            0,
            0.4759338107215557
        ],
        [
            13,
            1,
            0.4912884442820973
        ],
        [
            13,
            2,
            0.5277514386597307
        ],
        [
            13,
            3,
            0.47979452256448685
        ],
        [
            13,
            4,
            0.47804585487839313
        ],
        [
            13,
            5,
            0.4833022854322697
        ],
        [
            13,
            6,
            0.37994596572070444
        ],
        [
            13,
            7,
            0.39654537788137406
        ],
        [
            13,
            8,
            0.4344087868849257
        ],
        [
            13,
            9,
            0.4274621742061346
        ],
        [
            13,
            10,
            0.49143042434350753
        ],
        [
            13,
            11,
            0.44064474752393346
        ],
        [
            13,
            12,
            0.565671180093932
        ],
        [
            13,
            13,
            1.0
        ],
        [
            13,
            14,
            0.5748334592968813
        ],
        [
            13,
            15,
            0.39233671684475196
        ],
        [
            13,
            16,
            0.5126364523977504
        ],
        [
            13,
            17,
            0.37765072569984076
        ],
        [
            13,
            18,
            0.43611566209386793
        ],
        [
            13,
            19,
            0.49042958739798886
        ],
        [
            13,
            20,
            0.27715964150283734
        ],
        [
            13,
            21,
            0.3290511652975552
        ],
        [
            14,
            0,
            0.682820270263317
        ],
        [
            14,
            1,
            0.7249875689540753
        ],
        [
            14,
            2,
            0.7077139003309239
        ],
        [
            14,
            3,
            0.6921411786553163
        ],
        [
            14,
            4,
            0.6335006570988851
        ],
        [
            14,
            5,
            0.7225556172786132
        ],
        [
            14,
            6,
            0.5965635615482768
        ],
        [
            14,
            7,
            0.5696179886656516
        ],
        [
            14,
            8,
            0.5947760209207081
        ],
        [
            14,
            9,
            0.6658853971438349
        ],
        [
            14,
            10,
            0.7255725084516886
        ],
        [
            14,
            11,
            0.6910326676152793
        ],
        [
            14,
            12,
            0.9278948077373513
        ],
        [
            14,
            13,
            0.5748334592968813
        ],
        [
            14,
            14,
            1.0
        ],
        [
            14,
            15,
            0.5522967644811624
        ],
        [
            14,
            16,
            0.5765218776626669
        ],
        [
            14,
            17,
            0.5299356437719298
        ],
        [
            14,
            18,
            0.5998043448306618
        ],
        [
            14,
            19,
            0.7465463991073916
        ],
        [
            14,
            20,
            0.4693861773955716
        ],
        [
            14,
            21,
            0.49592928770163597
        ],
        [
            15,
            0,
            0.41560484675877146
        ],
        [
            15,
            1,
            0.7440753184648071
        ],
        [
            15,
            2,
            0.42713020996990747
        ],
        [
            15,
            3,
            0.7806589570566452
        ],
        [
            15,
            4,
            0.3760732073225113
        ],
        [
            15,
            5,
            0.715276248949253
        ],
        [
            15,
            6,
            0.3526079168470548
        ],
        [
            15,
            7,
            0.9273457396122405
        ],
        [
            15,
            8,
            0.35510805329943146
        ],
        [
            15,
            9,
            0.43145093782852006
        ],
        [
            15,
            10,
            0.7451977225999992
        ],
        [
            15,
            11,
            0.4061235158902298
        ],
        [
            15,
            12,
            0.5478685278227048
        ],
        [
            15,
            13,
            0.39233671684475196
        ],
        [
            15,
            14,
            0.5522967644811624
        ],
        [
            15,
            15,
            1.0
        ],
        [
            15,
            16,
            0.35593256338770185
        ],
        [
            15,
            17,
            0.9339166874088273
        ],
        [
            15,
            18,
            0.8532413709422791
        ],
        [
            15,
            19,
            0.701685185901213
        ],
        [
            15,
            20,
            -0.16320014664736995
        ],
        [
            15,
            21,
            0.2304317685004457
        ],
        [
            16,
            0,
            0.6151941406775486
        ],
        [
            16,
            1,
            0.4568886557107705
        ],
        [
            16,
            2,
            0.7071320871142589
        ],
        [
            16,
            3,
            0.43400333704995925
        ],
        [
            16,
            4,
            0.6777215338385614
        ],
        [
            16,
            5,
            0.461665498904221
        ],
        [
            16,
            6,
            0.6023698345458648
        ],
        [
            16,
            7,
            0.36713744418391214
        ],
        [
            16,
            8,
            0.6393834558551738
        ],
        [
            16,
            9,
            0.6073074600737902
        ],
        [
            16,
            10,
            0.4522348272040469
        ],
        [
            16,
            11,
            0.6351784343837756
        ],
        [
            16,
            12,
            0.5761313380238364
        ],
        [
            16,
            13,
            0.5126364523977504
        ],
        [
            16,
            14,
            0.5765218776626669
        ],
        [
            16,
            15,
            0.35593256338770185
        ],
        [
            16,
            16,
            1.0
        ],
        [
            16,
            17,
            0.3483759957739276
        ],
        [
            16,
            18,
            0.38553692282318847
        ],
        [
            16,
            19,
            0.46520271046025025
        ],
        [
            16,
            20,
            0.3261275326982697
        ],
        [
            17,
            0,
            0.4005205647579587
        ],
        [
            17,
            1,
            0.711473449847894
        ],
        [
            17,
            2,
            0.41611317693495553
        ],
        [
            17,
            3,
            0.7520396264612155
        ],
        [
            17,
            4,
            0.3659750416484889
        ],
        [
            17,
            5,
            0.6887027954883629
        ],
        [
            17,
            6,
            0.34262703905167297
        ],
        [
            17,
            7,
            0.9178268082426224
        ],
        [
            17,
            8,
            0.34096224098066497
        ],
        [
            17,
            9,
            0.4202423916538553
        ],
        [
            17,
            10,
            0.7175785880392408
        ],
        [
            17,
            11,
            0.39544562301583913
        ],
        [
            17,
            12,
            0.529989556460721
        ],
        [
            17,
            13,
            0.37765072569984076
        ],
        [
            17,
            14,
            0.5299356437719298
        ],
        [
            17,
            15,
            0.9339166874088273
        ],
        [
            17,
            16,
            0.3483759957739276
        ],
        [
            17,
            17,
            1.0
        ],
        [
            17,
            18,
            0.8225052184109202
        ],
        [
            17,
            19,
            0.6752897218311374
        ],
        [
            17,
            20,
            -0.14905388369767167
        ],
        [
            17,
            21,
            0.20718743050997865
        ],
        [
            18,
            0,
            0.444101305281219
        ],
        [
            18,
            1,
            0.8018074038776709
        ],
        [
            18,
            2,
            0.4487588055597177
        ],
        [
            18,
            3,
            0.7477474688401744
        ],
        [
            18,
            4,
            0.40121835952039464
        ],
        [
            18,
            5,
            0.7743390709173227
        ],
        [
            18,
            6,
            0.37506571696732505
        ],
        [
            18,
            7,
            0.8692404304506184
        ],
        [
            18,
            8,
            0.3741375758230228
        ],
        [
            18,
            9,
            0.4660795951105286
        ],
        [
            18,
            10,
            0.7342778644820821
        ],
        [
            18,
            11,
            0.43217257654455543
        ],
        [
            18,
            12,
            0.5917887954288303
        ],
        [
            18,
            13,
            0.43611566209386793
        ],
        [
            18,
            14,
            0.5998043448306618
        ],
        [
            18,
            15,
            0.8532413709422791
        ],
        [
            18,
            16,
            0.38553692282318847
        ],
        [
            18,
            17,
            0.8225052184109202
        ],
        [
            18,
            18,
            1.0
        ],
        [
            18,
            19,
            0.7602427342463555
        ],
        [
            18,
            20,
            -0.16984399897415586
        ],
        [
            18,
            21,
            0.11459723267848908
        ],
        [
            19,
            0,
            0.5631041518891594
        ],
        [
            19,
            1,
            0.8635712783729504
        ],
        [
            19,
            2,
            0.5598035736092075
        ],
        [
            19,
            3,
            0.8866370856426693
        ],
        [
            19,
            4,
            0.5284424333477119
        ],
        [
            19,
            5,
            0.9196638086804653
        ],
        [
            19,
            6,
            0.4811032578494678
        ],
        [
            19,
            7,
            0.7190447542295255
        ],
        [
            19,
            8,
            0.4949859650522932
        ],
        [
            19,
            9,
            0.5784072506907713
        ],
        [
            19,
            10,
            0.8798388944877114
        ],
        [
            19,
            11,
            0.550481934153418
        ],
        [
            19,
            12,
            0.7613886269667367
        ],
        [
            19,
            13,
            0.49042958739798886
        ],
        [
            19,
            14,
            0.7465463991073916
        ],
        [
            19,
            15,
            0.701685185901213
        ],
        [
            19,
            16,
            0.46520271046025025
        ],
        [
            19,
            17,
            0.6752897218311374
        ],
        [
            19,
            18,
            0.7602427342463555
        ],
        [
            19,
            19,
            1.0
        ],
        [
            19,
            20,
            0.12467052816903341
        ],
        [
            19,
            21,
            0.3351171919899219
        ],
        [
            20,
            0,
            0.44422340105852065
        ],
        [
            20,
            1,
            -0.019952147755260094
        ],
        [
            20,
            2,
            0.4675442128930911
        ],
        [
            20,
            3,
            0.0706417240737809
        ],
        [
            20,
            4,
            0.42760110842662463
        ],
        [
            20,
            5,
            0.06617660788597829
        ],
        [
            20,
            6,
            0.34220431583777733
        ],
        [
            20,
            7,
            -0.16302410979660822
        ],
        [
            20,
            8,
            0.3897410414444813
        ],
        [
            20,
            9,
            0.3402622963619964
        ],
        [
            20,
            10,
            0.13205101651803255
        ],
        [
            20,
            11,
            0.42083952894725124
        ],
        [
            20,
            12,
            0.4670414228418511
        ],
        [
            20,
            13,
            0.27715964150283734
        ],
        [
            20,
            14,
            0.4693861773955716
        ],
        [
            20,
            15,
            -0.16320014664736995
        ],
        [
            20,
            16,
            0.3261275326982697
        ],
        [
            20,
            17,
            -0.14905388369767167
        ],
        [
            20,
            18,
            -0.16984399897415586
        ],
        [
            20,
            19,
            0.12467052816903341
        ],
        [
            20,
            20,
            1.0
        ],
        [
            20,
            21,
            0.39355299273464617
        ],
        [
            21,
            0,
            0.6869565134706106
        ],
        [
            21,
            1,
            0.3351074609527255
        ],
        [
            21,
            2,
            0.7408772597055229
        ],
        [
            21,
            3,
            0.3062632063293962
        ],
        [
            21,
            4,
            0.7634770025021453
        ],
        [
            21,
            5,
            0.3601160915523801
        ],
        [
            21,
            6,
            0.5765346712294868
        ],
        [
            21,
            7,
            0.23691836224235224
        ],
        [
            21,
            8,
            0.8132618706034781
        ],
        [
            21,
            9,
            0.6552404140288384
        ],
