{"names": ["linux-docs", "linux-xenial-py3.7-gcc5.4", "linux-bionic-py3.7-clang9", "linux-xenial-cuda11.3-py3.7-gcc7", "pytorch-xla-linux-bionic-py3.7-clang8", "pytorch-linux-xenial-py3-clang5-android-ndk-r19c-gradle-custom-build-single-full-jit", "win-vs2019-cuda11.3-py3", "linux-xenial-py3.7-clang7-onnx", "win-vs2019-cpu-py3", "linux-xenial-py3.7-gcc7", "linux-xenial-py3.7-gcc7-no-ops", "linux-xenial-cuda11.3-py3.7-gcc7-bazel-test", "linux-vulkan-bionic-py3.7-clang9", "linux-xenial-py3.7-gcc5.4-mobile-lightweight-dispatch-build", "linux-xenial-py3.7-clang7-asan", "linux-bionic-rocm5.1-py3.7", "linux-xenial-py3-clang5-mobile-build", "deploy-linux-xenial-cuda11.3-py3.7-gcc7", "linux-bionic-cuda11.3-py3.7-clang9", "pytorch-linux-xenial-py3-clang5-android-ndk-r19c-gradle-custom-build-single", "linux-xenial-py3-clang5-mobile-custom-build-static", "linux-bionic-rocm5.0-py3.7", "macos-11-py3-x86-64"], "data": [[0, 0, 1.0], [0, 1, 0.3262261884320478], [0, 2, 0.41554027018487655], [0, 3, 0.4217960797700636], [0, 4, 0.2788889656466767], [0, 5, 0.13015130755126925], [0, 6, 0.3949221010438333], [0, 7, 0.44466036654382185], [0, 8, 0.43148223611137837], [0, 9, 0.33785153020108055], [0, 10, -0.16884873942312953], [0, 11, 0.4455207295901396], [0, 12, -0.018066314698772325], [0, 13, -0.16526161778042203], [0, 14, 0.45770202214171685], [0, 15, 0.3410556623627269], [0, 16, -0.15291939345991012], [0, 17, 0.11114594918610272], [0, 18, 0.043573602522124125], [0, 19, 0.06302843442227897], [0, 20, -0.166601192082416], [0, 21, 0.41763685298112146], [1, 0, 0.3262261884320478], [1, 1, 1.0], [1, 2, 0.7869058624537328], [1, 3, 0.6618721480541385], [1, 4, 0.4054040605627866], [1, 5, 0.4689113853964904], [1, 6, 0.6831591113584341], [1, 7, 0.5907152343513483], [1, 8, 0.7156221921753364], [1, 9, 0.8010499903169425], [1, 10, 0.37754961324494085], [1, 11, 0.5971310989828459], [1, 12, 0.46115951699604396], [1, 13, 0.3669788636698263], [1, 14, 0.7138914330397838], [1, 15, 0.6324735249420373], [1, 16, 0.3412243312286292], [1, 17, 0.47918161552455296], [1, 18, 0.4638070396987288], [1, 19, 0.44633011204387], [1, 20, 0.34990880821302156], [1, 21, 0.5686549226487293], [2, 0, 0.41554027018487655], [2, 1, 0.7869058624537328], [2, 2, 1.0], [2, 3, 0.7650651691671808], [2, 4, 0.46292276679358957], [2, 5, 0.5434694486491713], [2, 6, 0.7632522123920078], [2, 7, 0.6928512253084248], [2, 8, 0.8575873506854222], [2, 9, 0.924818134740164], [2, 10, 0.4430985192750007], [2, 11, 0.6861563147425562], [2, 12, 0.5432234201149331], [2, 13, 0.4247482015460191], [2, 14, 0.8635977102684637], [2, 15, 0.6416067044785184], [2, 16, 0.40541963490930283], [2, 17, 0.5580288138332223], [2, 18, 0.5344221249742913], [2, 19, 0.5172309370511101], [2, 20, 0.4147000686781473], [2, 21, 0.7586851068902281], [3, 0, 0.4217960797700636], [3, 1, 0.6618721480541385], [3, 2, 0.7650651691671808], [3, 3, 1.0], [3, 4, 0.5079788228409097], [3, 5, 0.5120601005997857], [3, 6, 0.783463019261565], [3, 7, 0.6433697932072798], [3, 8, 0.7165839241471884], [3, 9, 0.7362277391336551], [3, 10, 0.4154864760895854], [3, 11, 0.6434241864119076], [3, 12, 0.507933035636724], [3, 13, 0.39700804099587717], [3, 14, 0.8661126897547656], [3, 15, 0.7153209855716995], [3, 16, 0.37866640187201517], [3, 17, 0.5399097296543307], [3, 18, 0.5075558767555203], [3, 19, 0.48693469234117565], [3, 20, 0.3876150795755039], [3, 21, 0.7864136802176254], [4, 0, 0.2788889656466767], [4, 1, 0.4054040605627866], [4, 2, 0.46292276679358957], [4, 3, 0.5079788228409097], [4, 4, 1.0], [4, 5, 0.5120473388268573], [4, 6, 0.4417610481623599], [4, 7, 0.592484470470341], [4, 8, 0.4849117575047021], [4, 9, 0.45086923730731476], [4, 10, 0.4574967170114992], [4, 11, 0.5911570015812005], [4, 12, 0.5190637022926657], [4, 13, 0.4118244888682455], [4, 14, 0.5425570312901317], [4, 15, 0.5327192058627427], [4, 16, 0.3921897598294867], [4, 17, 0.5123804507352898], [4, 18, 0.5063253784053667], [4, 19, 0.49854739327358405], [4, 20, 0.40575269045556056], [4, 21, 0.42441910766053975], [5, 0, 0.13015130755126925], [5, 1, 0.4689113853964904], [5, 2, 0.5434694486491713], [5, 3, 0.5120601005997857], [5, 4, 0.5120473388268573], [5, 5, 1.0], [5, 6, 0.4843932603503648], [5, 7, 0.7375848089168553], [5, 8, 0.567591289250109], [5, 9, 0.5721240514007068], [5, 10, 0.7373060728534051], [5, 11, 0.7470466006925577], [5, 12, 0.8001085812717891], [5, 13, 0.7620861319871299], [5, 14, 0.574401763061691], [5, 15, 0.47212751474200815], [5, 16, 0.7186369845740176], [5, 17, 0.8800465564727101], [5, 18, 0.8408676561159071], [5, 19, 0.9487592817222874], [5, 20, 0.7434372175629168], [5, 21, 0.40558141262884523], [6, 0, 0.3949221010438333], [6, 1, 0.6831591113584341], [6, 2, 0.7632522123920078], [6, 3, 0.783463019261565], [6, 4, 0.4417610481623599], [6, 5, 0.4843932603503648], [6, 6, 1.0], [6, 7, 0.5974381882982487], [6, 8, 0.840669218372515], [6, 9, 0.7351793007751803], [6, 10, 0.3841082962347852], [6, 11, 0.6047096389513932], [6, 12, 0.4626838114545523], [6, 13, 0.3678400269040242], [6, 14, 0.7522704211236871], [6, 15, 0.6568328191399213], [6, 16, 0.3500021408161322], [6, 17, 0.502056041183007], [6, 18, 0.48293895162941236], [6, 19, 0.4613094779085674], [6, 20, 0.36298803971132715], [6, 21, 0.8100353493826405], [7, 0, 0.44466036654382185], [7, 1, 0.5907152343513483], [7, 2, 0.6928512253084248], [7, 3, 0.6433697932072798], [7, 4, 0.592484470470341], [7, 5, 0.7375848089168553], [7, 6, 0.5974381882982487], [7, 7, 1.0], [7, 8, 0.6849803627823264], [7, 9, 0.6743273325126662], [7, 10, 0.6146620813408288], [7, 11, 0.925108628144175], [7, 12, 0.7296076267258902], [7, 13, 0.5776301939686157], [7, 14, 0.7108240924289069], [7, 15, 0.5839723195526999], [7, 16, 0.5388588113113456], [7, 17, 0.7568104486511011], [7, 18, 0.7281855597446958], [7, 19, 0.7022923191588396], [7, 20, 0.5593394165792163], [7, 21, 0.5709114201205476], [8, 0, 0.43148223611137837], [8, 1, 0.7156221921753364], [8, 2, 0.8575873506854222], [8, 3, 0.7165839241471884], [8, 4, 0.4849117575047021], [8, 5, 0.567591289250109], [8, 6, 0.840669218372515], [8, 7, 0.6849803627823264], [8, 8, 1.0], [8, 9, 0.8273988533643951], [8, 10, 0.45646495750799004], [8, 11, 0.6805171617287457], [8, 12, 0.5154357853150494], [8, 13, 0.4309852540095806], [8, 14, 0.7957976395278809], [8, 15, 0.624300275949082], [8, 16, 0.40642217870802944], [8, 17, 0.5732871169359524], [8, 18, 0.5421153522159797], [8, 19, 0.5401652594134614], [8, 20, 0.4202804573464082], [8, 21, 0.6770514307799467], [9, 0, 0.33785153020108055], [9, 1, 0.8010499903169425], [9, 2, 0.924818134740164], [9, 3, 0.7362277391336551], [9, 4, 0.45086923730731476], [9, 5, 0.5721240514007068], [9, 6, 0.7351793007751803], [9, 7, 0.6743273325126662], [9, 8, 0.8273988533643951], [9, 9, 1.0], [9, 10, 0.47728122335433376], [9, 11, 0.6851398770203245], [9, 12, 0.5583513557030297], [9, 13, 0.4551284410809746], [9, 14, 0.8359231559504752], [9, 15, 0.6206396092738956], [9, 16, 0.42621957451456094], [9, 17, 0.5823282713795468], [9, 18, 0.5508914957513247], [9, 19, 0.5436645220832348], [9, 20, 0.43596134371994394], [9, 21, 0.6969328427972984], [10, 0, -0.16884873942312953], [10, 1, 0.37754961324494085], [10, 2, 0.4430985192750007], [10, 3, 0.4154864760895854], [10, 4, 0.4574967170114992], [10, 5, 0.7373060728534051], [10, 6, 0.3841082962347852], [10, 7, 0.6146620813408288], [10, 8, 0.45646495750799004], [10, 9, 0.47728122335433376], [10, 10, 1.0], [10, 11, 0.6048854883308807], [10, 12, 0.7985821996518532], [10, 13, 0.8617829275473953], [10, 14, 0.4594735841885637], [10, 15, 0.40094160934446743], [10, 16, 0.8186771284053234], [10, 17, 0.7653534529283575], [10, 18, 0.7828511840858342], [10, 19, 0.7482562764660563], [10, 20, 0.8460058317847349], [10, 21, 0.23236171491481358], [11, 0, 0.4455207295901396], [11, 1, 0.5971310989828459], [11, 2, 0.6861563147425562], [11, 3, 0.6434241864119076], [11, 4, 0.5911570015812005], [11, 5, 0.7470466006925577], [11, 6, 0.6047096389513932], [11, 7, 0.925108628144175], [11, 8, 0.6805171617287457], [11, 9, 0.6851398770203245], [11, 10, 0.6048854883308807], [11, 11, 1.0], [11, 12, 0.7419161495656765], [11, 13, 0.5716938020915465], [11, 14, 0.7083838969540817], [11, 15, 0.5911509145354277], [11, 16, 0.537306294029346], [11, 17, 0.7694831130527324], [11, 18, 0.7501907135381544], [11, 19, 0.7120959275419201], [11, 20, 0.553342493206841], [11, 21, 0.5544692975474513], [12, 0, -0.018066314698772325], [12, 1, 0.46115951699604396], [12, 2, 0.5432234201149331], [12, 3, 0.507933035636724], [12, 4, 0.5190637022926657], [12, 5, 0.8001085812717891], [12, 6, 0.4626838114545523], [12, 7, 0.7296076267258902], [12, 8, 0.5154357853150494], [12, 9, 0.5583513557030297], [12, 10, 0.7985821996518532], [12, 11, 0.7419161495656765], [12, 12, 1.0], [12, 13, 0.7360493173271838], [12, 14, 0.5500426211503401], [12, 15, 0.4626489840700256], [12, 16, 0.7080089060048566], [12, 17, 0.8639894021485334], [12, 18, 0.8891589982160576], [12, 19, 0.8309700870734685], [12, 20, 0.7375801054465537], [12, 21, 0.41878946427126773], [13, 0, -0.16526161778042203], [13, 1, 0.3669788636698263], [13, 2, 0.4247482015460191], [13, 3, 0.39700804099587717], [13, 4, 0.4118244888682455], [13, 5, 0.7620861319871299], [13, 6, 0.3678400269040242], [13, 7, 0.5776301939686157], [13, 8, 0.4309852540095806], [13, 9, 0.4551284410809746], [13, 10, 0.8617829275473953], [13, 11, 0.5716938020915465], [13, 12, 0.7360493173271838], [13, 13, 1.0], [13, 14, 0.4460126536294425], [13, 15, 0.3813051812569215], [13, 16, 0.9221470387703573], [13, 17, 0.7205493318008274], [13, 18, 0.7324349300163455], [13, 19, 0.779371353001367], [13, 20, 0.9224798195206112], [13, 21, 0.28935330643505736], [14, 0, 0.45770202214171685], [14, 1, 0.7138914330397838], [14, 2, 0.8635977102684637], [14, 3, 0.8661126897547656], [14, 4, 0.5425570312901317], [14, 5, 0.574401763061691], [14, 6, 0.7522704211236871], [14, 7, 0.7108240924289069], [14, 8, 0.7957976395278809], [14, 9, 0.8359231559504752], [14, 10, 0.4594735841885637], [14, 11, 0.7083838969540817], [14, 12, 0.5500426211503401], [14, 13, 0.4460126536294425], [14, 14, 1.0], [14, 15, 0.7245921214642989], [14, 16, 0.4259131338300489], [14, 17, 0.5665795516027893], [14, 18, 0.5388120440441209], [14, 19, 0.5469094618318372], [14, 20, 0.4354614743940536], [14, 21, 0.7865436837195049], [15, 0, 0.3410556623627269], [15, 1, 0.6324735249420373], [15, 2, 0.6416067044785184], [15, 3, 0.7153209855716995], [15, 4, 0.5327192058627427], [15, 5, 0.47212751474200815], [15, 6, 0.6568328191399213], [15, 7, 0.5839723195526999], [15, 8, 0.624300275949082], [15, 9, 0.6206396092738956], [15, 10, 0.40094160934446743], [15, 11, 0.5911509145354277], [15, 12, 0.4626489840700256], [15, 13, 0.3813051812569215], [15, 14, 0.7245921214642989], [15, 15, 1.0], [15, 16, 0.3645516872341271], [15, 17, 0.48666176854525456], [15, 18, 0.47152802996970294], [15, 19, 0.4529684174390119], [15, 20, 0.3701703149633072], [16, 0, -0.15291939345991012], [16, 1, 0.3412243312286292], [16, 2, 0.40541963490930283], [16, 3, 0.37866640187201517], [16, 4, 0.3921897598294867], [16, 5, 0.7186369845740176], [16, 6, 0.3500021408161322], [16, 7, 0.5388588113113456], [16, 8, 0.40642217870802944], [16, 9, 0.42621957451456094], [16, 10, 0.8186771284053234], [16, 11, 0.537306294029346], [16, 12, 0.7080089060048566], [16, 13, 0.9221470387703573], [16, 14, 0.4259131338300489], [16, 15, 0.3645516872341271], [16, 16, 1.0], [16, 17, 0.6790709689546159], [16, 18, 0.6954247117582449], [16, 19, 0.754676898058295], [16, 20, 0.9386296338442284], [16, 21, 0.27004459106796264], [17, 0, 0.11114594918610272], [17, 1, 0.47918161552455296], [17, 2, 0.5580288138332223], [17, 3, 0.5399097296543307], [17, 4, 0.5123804507352898], [17, 5, 0.8800465564727101], [17, 6, 0.502056041183007], [17, 7, 0.7568104486511011], [17, 8, 0.5732871169359524], [17, 9, 0.5823282713795468], [17, 10, 0.7653534529283575], [17, 11, 0.7694831130527324], [17, 12, 0.8639894021485334], [17, 13, 0.7205493318008274], [17, 14, 0.5665795516027893], [17, 15, 0.48666176854525456], [17, 16, 0.6790709689546159], [17, 17, 1.0], [17, 18, 0.9255750109206633], [17, 19, 0.8889205614791151], [17, 20, 0.7029018566711058], [17, 21, 0.3948498397398005], [18, 0, 0.043573602522124125], [18, 1, 0.4638070396987288], [18, 2, 0.5344221249742913], [18, 3, 0.5075558767555203], [18, 4, 0.5063253784053667], [18, 5, 0.8408676561159071], [18, 6, 0.48293895162941236], [18, 7, 0.7281855597446958], [18, 8, 0.5421153522159797], [18, 9, 0.5508914957513247], [18, 10, 0.7828511840858342], [18, 11, 0.7501907135381544], [18, 12, 0.8891589982160576], [18, 13, 0.7324349300163455], [18, 14, 0.5388120440441209], [18, 15, 0.47152802996970294], [18, 16, 0.6954247117582449], [18, 17, 0.9255750109206633], [18, 18, 1.0], [18, 19, 0.8522250136831984], [18, 20, 0.7194781833532272], [18, 21, 0.39713191297880535], [19, 0, 0.06302843442227897], [19, 1, 0.44633011204387], [19, 2, 0.5172309370511101], [19, 3, 0.48693469234117565], [19, 4, 0.49854739327358405], [19, 5, 0.9487592817222874], [19, 6, 0.4613094779085674], [19, 7, 0.7022923191588396], [19, 8, 0.5401652594134614], [19, 9, 0.5436645220832348], [19, 10, 0.7482562764660563], [19, 11, 0.7120959275419201], [19, 12, 0.8309700870734685], [19, 13, 0.779371353001367], [19, 14, 0.5469094618318372], [19, 15, 0.4529684174390119], [19, 16, 0.754676898058295], [19, 17, 0.8889205614791151], [19, 18, 0.8522250136831984], [19, 19, 1.0], [19, 20, 0.7803703843730468], [19, 21, 0.3713909894890063], [20, 0, -0.166601192082416], [20, 1, 0.34990880821302156], [20, 2, 0.4147000686781473], [20, 3, 0.3876150795755039], [20, 4, 0.40575269045556056], [20, 5, 0.7434372175629168], [20, 6, 0.36298803971132715], [20, 7, 0.5593394165792163], [20, 8, 0.4202804573464082], [20, 9, 0.43596134371994394], [20, 10, 0.8460058317847349], [20, 11, 0.553342493206841], [20, 12, 0.7375801054465537], [20, 13, 0.9224798195206112], [20, 14, 0.4354614743940536], [20, 15, 0.3701703149633072], [20, 16, 0.9386296338442284], [20, 17, 0.7029018566711058], [20, 18, 0.7194781833532272], [20, 19, 0.7803703843730468], [20, 20, 1.0], [20, 21, 0.2893533064350573], [21, 0, 0.41763685298112146], [21, 1, 0.5686549226487293], [21, 2, 0.7586851068902281], [21, 3, 0.7864136802176254], [21, 4, 0.42441910766053975], [21, 5, 0.40558141262884523], [21, 6, 0.8100353493826405], [21, 7, 0.5709114201205476], [21, 8, 0.6770514307799467], [21, 9, 0.6969328427972984], [21, 10, 0.23236171491481358], [21, 11, 0.5544692975474513], [21, 12, 0.41878946427126773], [21, 13, 0.28935330643505736], [21, 14, 0.7865436837195049], [21, 16, 0.27004459106796264], [21, 17, 0.3948498397398005], [21, 18, 0.39713191297880535], [21, 19, 0.3713909894890063], [21, 20, 0.2893533064350573], [21, 21, 1.0], [22, 22, 1.0]]}